<?xml version="1.0" encoding="UTF-8"?>
<kml xmlns="http://www.opengis.net/kml/2.2">
<Document><name>My document</name>
<description>Content</description>
<Style id="Lump">
<LineStyle><color>CD0000FF</color><width>2</width></LineStyle>
<PolyStyle><color>9AFF0000</color></PolyStyle>
</Style>
<Style id="Path">
<LineStyle><color>8094d802</color><width>5</width></LineStyle>
</Style>
<Style id="markerstyle">
<IconStyle><Icon><href>
http://maps.google.com/intl/en_us/mapfiles/ms/micons/red-dot.png
</href></Icon></IconStyle>
</Style>
<Placemark><name>NAME</name>
<description>YES</description>
<styleUrl>#Path</styleUrl>
<LineString>
<tessellate>1</tessellate>
<altitudeMode>clampToGround</altitudeMode>
<coordinates>
13.123040,52.439688,0.0 
13.123126,52.439662,0.0 
13.120036,52.441388,0.0 
13.119478,52.442095,0.0 
13.119049,52.443010,0.0 
13.119092,52.443690,0.0 
13.118920,52.444004,0.0 
13.115315,52.445652,0.0 
13.113427,52.447248,0.0 
13.109221,52.450596,0.0 
13.110423,52.452113,0.0 
13.111410,52.453342,0.0 
13.112011,52.454963,0.0 
13.112440,52.456611,0.0 
13.112612,52.457683,0.0 
13.112354,52.458938,0.0 
13.110595,52.459644,0.0 
13.111324,52.462521,0.0 
13.111367,52.463331,0.0 
13.111196,52.464037,0.0 
13.110595,52.465554,0.0 
13.110595,52.465737,0.0 
13.112011,52.467567,0.0 
13.113728,52.468586,0.0 
13.113813,52.469632,0.0 
13.116646,52.472299,0.0 
13.117547,52.474677,0.0 
13.117504,52.477108,0.0 
13.120379,52.477657,0.0 
13.125787,52.478546,0.0 
13.127375,52.479226,0.0 
13.133082,52.483512,0.0 
13.138404,52.487667,0.0 
13.142009,52.490516,0.0 
13.149261,52.495951,0.0 
13.158016,52.502221,0.0 
13.166513,52.507863,0.0 
13.168488,52.509274,0.0 
13.163767,52.510945,0.0 
13.158445,52.513035,0.0 
13.157501,52.513191,0.0 
13.152094,52.515437,0.0 
13.147545,52.517213,0.0 
13.146257,52.517527,0.0 
13.145485,52.517736,0.0 
13.144884,52.518258,0.0 
13.144197,52.519093,0.0 
13.142824,52.519720,0.0 
13.141108,52.519668,0.0 
13.139992,52.519511,0.0 
13.134499,52.518676,0.0 
13.130035,52.518153,0.0 
13.126087,52.517631,0.0 
13.123083,52.517422,0.0 
13.119993,52.517213,0.0 
13.117161,52.517057,0.0 
13.117762,52.519041,0.0 
13.118534,52.521861,0.0 
13.118792,52.525256,0.0 
13.119392,52.529016,0.0 
13.119993,52.531679,0.0 
13.121195,52.533245,0.0 
13.121967,52.535020,0.0 
13.123512,52.537265,0.0 
13.124371,52.539666,0.0 
13.125143,52.541754,0.0 
13.125658,52.543581,0.0 
13.125057,52.543895,0.0 
13.127546,52.550054,0.0 
13.127804,52.550262,0.0 
13.130550,52.555846,0.0 
13.131752,52.555481,0.0 
13.133125,52.554385,0.0 
13.134842,52.553133,0.0 
13.136559,52.552767,0.0 
13.139305,52.552454,0.0 
13.141537,52.552350,0.0 
13.143425,52.552089,0.0 
13.144455,52.552246,0.0 
13.144798,52.552454,0.0 
13.145227,52.552611,0.0 
13.146172,52.553602,0.0 
13.147030,52.554542,0.0 
13.147202,52.555064,0.0 
13.147202,52.556394,0.0 
13.146901,52.557255,0.0 
13.146944,52.558325,0.0 
13.146515,52.559160,0.0 
13.146343,52.559708,0.0 
13.145828,52.560673,0.0 
13.146472,52.561038,0.0 
13.147116,52.561456,0.0 
13.147373,52.562447,0.0 
13.147502,52.564065,0.0 
13.147845,52.564821,0.0 
13.148618,52.565656,0.0 
13.149991,52.567065,0.0 
13.150334,52.567899,0.0 
13.150506,52.568264,0.0 
13.151150,52.569125,0.0 
13.151278,52.569986,0.0 
13.152137,52.570325,0.0 
13.152523,52.570664,0.0 
13.152695,52.571108,0.0 
13.152823,52.571707,0.0 
13.152781,52.572281,0.0 
13.152781,52.572490,0.0 
13.153338,52.573012,0.0 
13.153510,52.573481,0.0 
13.153510,52.574055,0.0 
13.153510,52.574707,0.0 
13.153639,52.574863,0.0 
13.153553,52.575411,0.0 
13.153682,52.575672,0.0 
13.153639,52.576089,0.0 
13.153510,52.577080,0.0 
13.153253,52.578410,0.0 
13.152652,52.579766,0.0 
13.151536,52.581253,0.0 
13.151278,52.582061,0.0 
13.151107,52.582296,0.0 
13.149991,52.582817,0.0 
13.149562,52.583313,0.0 
13.144670,52.582061,0.0 
13.143897,52.581566,0.0 
13.142695,52.581540,0.0 
13.140378,52.580888,0.0 
13.139348,52.580418,0.0 
13.137503,52.580523,0.0 
13.136172,52.580079,0.0 
13.133082,52.579662,0.0 
13.132396,52.579636,0.0 
13.131709,52.580105,0.0 
13.131022,52.581670,0.0 
13.130507,52.582817,0.0 
13.129821,52.583287,0.0 
13.129134,52.583287,0.0 
13.128233,52.583156,0.0 
13.128104,52.583261,0.0 
13.129263,52.585920,0.0 
13.128490,52.586051,0.0 
13.128877,52.587302,0.0 
13.130851,52.586963,0.0 
13.132482,52.586937,0.0 
13.134198,52.587146,0.0 
13.136001,52.587537,0.0 
13.137932,52.588684,0.0 
13.139091,52.589023,0.0 
13.141065,52.589179,0.0 
13.142395,52.589440,0.0 
13.145614,52.590535,0.0 
13.148746,52.591630,0.0 
13.153296,52.595202,0.0 
13.154926,52.596453,0.0 
13.156986,52.597600,0.0 
13.164625,52.598747,0.0 
13.168015,52.597000,0.0 
13.170161,52.596766,0.0 
13.171663,52.596349,0.0 
13.172693,52.595932,0.0 
13.173938,52.595228,0.0 
13.175440,52.595045,0.0 
13.177457,52.594967,0.0 
13.178401,52.594889,0.0 
13.180161,52.594393,0.0 
13.181791,52.593924,0.0 
13.184023,52.593455,0.0 
13.185096,52.592960,0.0 
13.185782,52.592464,0.0 
13.187885,52.591760,0.0 
13.189602,52.591213,0.0 
13.190975,52.590405,0.0 
13.192091,52.590092,0.0 
13.194795,52.589701,0.0 
13.196812,52.589414,0.0 
13.198185,52.589101,0.0 
13.200159,52.588762,0.0 
13.202906,52.587693,0.0 
13.206768,52.586624,0.0 
13.207326,52.588423,0.0 
13.211102,52.588241,0.0 
13.217411,52.587511,0.0 
</coordinates>
</LineString>
</Placemark>
</Document>
</kml>